Count ships
3
Player ships
3 1 1 3
2 0 5 6
1 1 1 1
Computer ships
3 0 6 0
2 1 1 9
1 1 7 9
Player map
.1 .1 .1 .1 .1 .1 .1 .1 .1 .1 
.1 S1 .1 .1 .1 .1 .1 .1 .1 .1 
.1 .1 .1 .1 .1 .1 .1 .1 .1 .1 
.1 S1 S1 S1 .1 .1 .1 .1 .1 .1 
.1 .1 .1 .1 .1 .1 .1 .1 .1 .1 
.1 .1 .1 .1 .1 .1 .1 .1 .1 .1 
.1 .1 .1 .1 .1 S1 .1 .1 .1 .1 
.1 .1 .1 .1 .1 S1 .1 .1 .1 .1 
.1 .1 .1 .1 .1 .1 .1 .1 .1 .1 
.1 .1 .1 .1 .1 .1 .1 .1 .1 .1 
Computer map
.0 .0 .0 .0 .0 .0 S0 .0 .0 .0 
.0 .0 .0 .0 .0 .0 S0 .0 .0 .0 
.0 .0 .0 .0 .0 .0 S0 .0 .0 .0 
.0 .0 .0 .0 .0 .0 .0 .0 .0 .0 
.0 .0 .0 .0 .0 .0 .0 .0 .0 .0 
.0 .0 .0 .0 .0 .0 .0 .0 .0 .0 
.0 .0 .0 .0 .0 .0 .0 .0 .0 .0 
.0 .0 .0 .0 .0 .1 .0 .0 .0 .0 
.0 .0 .0 .0 .0 .0 .0 .0 .0 .0 
.0 S0 S0 .0 .0 .0 .0 S0 .0 .0 
Abilities
2 0 1 
Checksum: 5314852710731442449
