Count ships
3
Player ships
3 1 4 3
2 0 2 3
1 1 7 8
Computer ships
3 0 8 6
2 0 2 4
1 0 8 3
Player map
.1 .1 .1 .1 .1 .1 .1 .1 .1 .1 
.1 .1 .1 .1 .1 .1 .1 .1 .1 .1 
.1 .1 .1 .1 .1 .1 .1 .1 .1 .1 
.1 .1 S1 .1 S1 S1 S1 .1 .1 .1 
.1 .1 S1 .1 .1 .1 .1 .1 .1 .1 
.1 .1 .1 .1 .1 .1 .1 .1 .1 .1 
.1 .1 .1 .1 .1 .1 .1 .1 .1 .1 
.1 .1 .1 .1 .1 .1 .1 .1 .1 .1 
.1 .1 .1 .1 .1 .1 .1 S1 .1 .1 
.1 .1 .1 .1 .1 .1 .1 .1 .1 .1 
Computer map
.0 .0 .0 .0 .0 .0 .0 .0 .0 .0 
.0 .0 .0 .0 .0 .0 .0 .0 .0 .0 
.0 .0 .0 .0 .0 .0 .0 .0 .0 .0 
.0 .0 .0 .0 .0 .0 .0 .0 X1 .0 
.0 .0 S0 .0 .0 .0 .0 .0 .0 .0 
.0 .0 S0 .0 .0 .0 .0 .0 .0 .0 
.0 .0 .0 .0 .0 .0 .0 .0 S0 .0 
.0 .0 .0 .0 .0 .0 .0 .0 S0 .0 
.0 .0 .0 .0 .0 .0 .0 .0 S0 .0 
.0 .0 .0 .0 .0 .0 .0 .0 .0 .0 
Abilities
0 2 2 